$ANSIBLE_VAULT;1.1;AES256
39323830396433386135373031386464373135343634303333663231666537326662633039376264
3262366236646664303331346562633730346632363438660a613865396135393736626132383662
30643862363533626431353338343161303063626136343830363365346432633865663535326539
3330313339393832300a306231343166323639623839333933396531343265363234626466613338
34613130336164656333316164613038303438633834636431386164616138383532356266346538
33373538383065313834393265323530323864313164666162303933303633666538386166323864
62633361386462623434646161653462633332336133323935353933373233313132393364323238
63636464376131373963306238376635323536333862633239313839363261636639373232646331
37343935336432616162376136333664326436396238383862333331366663353633383862333733
31656339653463663730613864376264663435653836313535623466343862663862396431613937
36303037393039363830623339346132633231393831646533383361373032613534633233653166
30376139323463306334393863313438383033383565346539323536363833613337336266653333
35623765613537313862633239636561626364616265346264386433376431376663633937373139
35653631613332306437363762333037626261323466313261303832643736623735346238396562
38663635633166613665653139393639306432373138316333336437666264636362393864623034
64623061383330626537373830363265373832663061386565306662313363323465366465356237
63616234636433346637343533613035336662393631373062393162623433376239376133303830
32336533393337393864393231616261623565633762623831666133393935663339663338663762
37396431306434326164353237383938663437343361366265623661386265313835663430356538
32383666323435326661626333656164313737386633316135303066346565623866393562623937
64353636356434383361666563633266396137303363656631373762316132366466383537323330
63623439353433623439383664613731353966656233363232363938326133303538633361303266
66346662633366653363393935666438393839336262633564333939366438666164663861393061
34326363353062393763336635323932386365353564353934633936316532313638333733393531
3532
