$ANSIBLE_VAULT;1.1;AES256
62373130303466346161653439636335613363353664626339323733386131663966343063373937
3734346534373631653561336632356635386563323335370a626466356165613861363931613666
62633565376237373439643064393365303965343239346237356363636638353437376163656132
3061356430373636640a643130313431336561326234613036336337663265643838353366663765
31623731643165376464353161663963336564393033626234393662386635656134626337303835
39363866366335346235626330313563333561336461623039323134313261303466646263323934
65396431663531336565653361343464643765643038323461346430346566383463336466366238
32383965323337656337636433633930623532393261306364666231633439333061623036373338
35626666616162643430666163316633386333316433363763363663636265333533336431343338
33386561613364316236656137366263623766353461333163613364643131386633336338626563
30636132333833353434376132356530613536333132373434316332643239326262333135303339
62313031386564306161376537323632646137343737633539353330303338353737623336373935
38396166376463323039333839333730346531333262633966366535396663643061663563393435
35386239333934633339393836633834373962646333313439613934666333383436373265643035
63393539383634366231313061303731643731653265383432333834373031363430353233316430
63633138326331313132623331366634356365656361343137623533336362653266373462316234
38386234643438356533373232663130643236306565373734353861333236326338653232326433
65376565653431396332623636363261663039363765636161366465343661633461633132623966
32316235323365653631373365366363633534336337613131393937626266356438376566633364
33373034643764396334336136376536343032613331353566313265353864613063303562396266
30663961626563623832336333383066666636643438336135356366636131373831356632323065
36633235323337383966303036353033373363346239333933393262303662316532393665373236
35653064373939303963373465376134376135383865653238616239346665383738666261646633
30333266613738323735373437383161633336333734623039326162386463383038353030313630
36323464316239636630383539633531326134373565653233343633353764643333393966653163
38376436613634623564353439363139643833616133373365343439343532313764366561333731
65636531376431613965393536323438393335336536376532363738376531373763343235366664
35643038663731323738633632346466316465333861663436306264616265336436613132373732
65643261313738613239626662633234313838633465353434393935643738356338343565366335
62386563363365366539333834346433396333336264636264376532653339363964306439646263
37316331393161373938333837356165336334343762613363333863316432623837636530643366
66646139323335346334383333386632303461613062353838383762323632343961356435336562
38623962343465356466643530316635343363666137366362323763623862353830613734363164
65623965373665633938656266653037623439613834653231323031346163316433316562396239
35623161346566653533336235373132613366353766646330383334633831633732316164306365
64646438336333633837363634386136353833346231343432356664366437326564613936623166
35366131616565393062303530326465623039623737623366343933326461343334343065326435
38323165633438303732386263333936366631386636383061363866316261633231343563653033
37363965396239383437383263643965303230613032303732663362383831613461306563376139
61353266303934646333626265623739333337656332333265656462643761326661383130323234
31386135336332613230346430323430396465643634343363353030336165373566633930316661
63356236653264333264346361646361383766343634316562343437386366303339666263353936
38313464396566663038316234343338386234373231356234323538396637313461643138393736
35616331623766646537636638323561613639346430343033616538346264313038363034386231
30663332306164393534656362303933323263663133393165623638336164323731346439623065
33363663633737373466383264373035323034636130623133393136353337303433663638303639
39363531313539343130666534363339336164353837316133633263666265633037623166373662
38383534623866623465366336356233313832366232333061303264626631376332663263336663
38363436646663383939313038666132656130393937343037636234383432616532333735656162
33346135323534333361666663376537326538643861363562366663336334333161353762623831
38666636653261663164353436383061313239613837653261396630326333646664623439343139
62643337656335343730613236613539363132636165313962653232323734396538633933653864
35646439343434383365323537626434626364353338653833306631333064303135346530303966
39393637396436323336653539343065306334653332373866663361316536363764313632643166
32333937386532326336323832323330646434326634653939326530643433386366643139306633
66663432386234323934643465323938303539613166366262383737323564376637373864633839
39333966383431666638653934653737383366623765306434653865643739363161613438633434
63323739333665663335666364316564343839393336373532356665646136363838323962643961
39656439343662346131316431633438303033363730333666326135393661333132383231343230
34613666393231303633336239616463623635383364646132623431616261373462313430346362
64646637613432366566366634333166613736643937336338326235666239333933663434343861
64366537616464333832623161653831376463666464623763343661333766326435653236646333
63336162313066353130356366336264616136343039303764643337626266373638643637353730
65663763636563356165363939383132333234323037373334313962353061383639393264656432
37393432336437666434636565643639333863663564626135333234376334323637303531636236
32386138336264333963663865616432626261346232353439323565623062353333386366363034
33303066616337313630313666626663363737313537636237653837393132383732666430616464
39363462373635616636316339306131613638363862633266663033343436313531323762353566
35663563366237383439613037663233386236666133363435646333643930363337326662333764
32373762353936626665373933656266663763663666336366396431346439303131623339656137
62643537316661333636623062653464353830643130633032343762323365653565333234393239
33626139373039643262656432663262306533366336643333323964323562363837373030656636
39663730653366373337333862383265313032663633656262333962646638366565393731666435
39393532643636373164303061616365323533363962303862633035656133386433616562623331
66653235386561383833623231366335316461636235656563636232653266396537393631303332
36633535633966336235653031313239663062366662643433363166366138663765653931336366
37306338626262633532356333613066363931343736363161383762343261343861623331393635
64623363306363366366373439346637393662633637643634613639653262643065653336613531
32656262643438373030636131646339663834663738613337336533616435663032353261633464
34636264663564613037363765666238393935346337663762376365396662393635363766616666
37613765353438376235643837666236396462313737353166666365323436333665343038626230
37623933396130383263383561343636623963303431626230363966383836366233613830633466
35623939386639306238396563613035643863353363366361333632616462333234373733626139
30623531663163323432626134363939333339326463386630333761336364336661666236363962
35333065386438643534633531373634613863346130633237373663653436313034343437383837
62636135373862623265656132626439336564313235613438623664383933663930383165343532
61343861653437613134633434663835396536613366383562363964373237616463633263343765
64393134643332396165353035376362396239353132633566346436616134393634353935383262
39366333623933323734613532333336363435353939616437363935323533663438306261653064
30346162306639646330373238653035646661663831313838393931396138363063353733343930
32613138653963633132313233343335333039313362623331613134616438623835353263613966
63333531386166393438653538633465393766643130643433323264333632643161626261326533
39363562626564636264373735343930373836353834616133356462316164646166373630636235
39306537376462653239616636396432383962356561633363623762653266313237613634326635
36636431333231623437623262643065383964353139333565383237323565396262353365313866
35363664613734336631333831343964656432363064346330623264353164303531303835626564
62636433333436336434393461303165356462353836386639363365316236353162393733396533
61373735376565623432396265366461323734383130356165346534633661353830633333643036
65636662393461393436646338633131313636386435316436363930666430326264313236613934
31313061653337633438643433616130653538333564636161323764666163343038356665343664
37313930653433303633326338633161323238663132383036353531666262346233616638336233
64386462623330643063643263626538616537326566326161663932396339353939326438326435
34646239303466633335656564383462313865393631343037383064303266333463646234323439
66383832643263363838396633356463663666323630326133336465386561333433663439613535
34646565326330643439333633346633326165333839656334373134663065366565633762393835
62336235666362376533626430646536343766633539303861313366306539663566363739653738
30316665393165656537613537616439383633663338366235386430616565356565393339626337
35383664366266646437626335303037666434616438653965326332633165353431643531333234
61646236613562366139643235643436323835306362616433396462343966383438356266626661
31323665313034303138313865333865313038666465373636333332666339386430616232653836
32636235626532323364613532343863363966643636633033623834633638393765383131613535
30633431346338653935666166303666633635353739616531623835363864376537613935623631
39636437626333303564376233333835366464356439343938646632373039356362376662613236
32366166366535666538666632383339623530356331643433323230326565393533393232306437
66633438633861383435326232383265343565363065653261376135643463343464646465333338
31616338323730366530323632373534646236633232366234393335333033646366396539313466
65326434336466316666313730393461633166613164383163393936383061613330396565363432
35656463353133366164633131643035626432633163643066643539333036363432633036323837
34626435333135336434653535653637616236626437316135343639653035656138656532343232
62343337333135643265303163623734653261633830643536383634346336383364353337636138
61346338383635613161353632306332366662393639336432356534336661653335393731663930
36366165336165626466306562646236646334643131326363363261613465626338616663626331
39303664383934663837313232373431633863643066386537623462623365313238613035356234
63313630666263663939623238353733386439616537623031353366396339313662626134313466
31613735656163656137353665653565636436633862643764366435316161363431366238373339
39633531326366396165646465323062323264633962386562316338663666366463616163343763
39663264613962323533373765366133316136613962373263643639353436383934396162356564
63363630383839616238336136336437626231376565316537393936303464306638313032643739
64626166623330653333643931323363356162366438626537633230366266396538393630373061
33623665343963626661316534343531646135626164303835323738396237353138653035373531
31643766623730373839396664356231366235356262613164373635613132643762353237393263
62643538656632616333336433343066653264346338386539373139303737656333313930653239
62663432383837653839613135306564353537613764356634666234323435353636613337626265
6161313530386364343766363531366639346563626566663933
